function C = fp_coords()
%FP_COORDS  29 rear-bumper goal poses for the FP parking campaign.
%   Columns: [Tnum  x[m]  y[m]  heading[deg]]  (Car.Fr1 = rear-bumper center)
C = [
 1   9.70  -6.80  -90
 2   9.70 -11.20   90
 3  18.00  -6.80  -90
 4  18.00 -11.20   90
 5  44.80  -6.80  -90
 6  44.80 -11.20   90
 7  40.00 -13.00    0
 8  46.00 -13.00  180
 9  10.30 -21.80   90
10  10.30 -17.50  -90
11  21.30 -21.80   90
12  21.30 -17.50  -90
13  44.30 -21.80   90
14  44.30 -17.50  -90
15   9.86 -21.80   90
16   9.80 -28.80  -90
17   9.80 -33.80   90
18  15.20 -28.80  -90
19  15.20 -33.80   90
20  21.50 -28.80  -90
21  21.50 -33.80   90
22  27.00 -28.80  -90
23  27.00 -33.80   90
24  38.00 -28.80  -90
25  38.00 -33.80   90
26  44.00 -28.80  -90
27  44.00 -33.80   90
28  41.00 -25.00    0
29  46.00 -25.00  180
];
end
